sigma2 =

   0.45136
   0.00000
   0.00000
   0.00000
   0.00000

sigma2 =

   0.45136
   0.59161
   0.00000
   0.00000
   0.00000

sigma2 =

   0.45136
   0.59161
   0.26444
   0.00000
   0.00000

sigma2 =

   0.45136
   0.59161
   0.26444
   0.21940
   0.00000

sigma2 =

   0.45136
   0.59161
   0.26444
   0.21940
   0.55968


== [ml-class] Submitted Assignment 8 - Part 1 - Estimate Gaussian Parameters
== You must wait 2 minutes and 34 seconds before you can submit your solutions again.
